  1.0000000000000215e+000
  9.9993954106587046e-001
  9.9975833764442024e-001
  9.9945690928517572e-001
  9.9903611992820496e-001
  9.9849717495121404e-001
  9.9784161705577568e-001
  9.9707132101288520e-001
  9.9618848729347287e-001
  9.9519563461483773e-001
  9.9409559143901527e-001
  9.9289148646392145e-001
  9.9158673815258835e-001
  9.9018504335000190e-001
  9.8869036504084318e-001
  9.8710691930486194e-001
  9.8543916152962463e-001
  9.8369177194297930e-001
  9.8186964052971681e-001
  9.7997785139863869e-001
  9.7802166666749080e-001
  9.7600650993403493e-001
  9.7393794940189549e-001
  9.7182168072974229e-001
  9.6966350967187742e-001
  9.6746933457735906e-001
  9.6524512881351943e-001
  9.6299692317803554e-001
  9.6073078836169579e-001
  9.5845281752167499e-001
  9.5616910902250052e-001
  9.5388574939901749e-001
  9.5160879659256270e-001
  9.4934426350828738e-001
  9.4709810193812904e-001
  9.4487618689041486e-001
  9.4268430136345160e-001
  9.4052812159683830e-001
  9.3841320283057206e-001
  9.3634496559843783e-001
  9.3432868257860646e-001
  9.3236946602096160e-001
  9.3047225576735015e-001
  9.2864180787782047e-001
  9.2688268387293515e-001
  9.2519924059951120e-001
  9.2359562072457446e-001
  9.2207574386005020e-001
  9.2064329831863712e-001
  9.1930173349954702e-001
  9.1805425290124143e-001
  9.1690380775704639e-001
  9.1585309128852721e-001
  9.1490453357073431e-001
  9.1406029700295222e-001
  9.1332227237829433e-001
  9.1269207554543685e-001
  9.1217104465593257e-001
  9.1176023799086492e-001
  9.1146043236107221e-001
  9.1127212207579833e-001
  9.1119551847531521e-001
  9.1123055002386566e-001
  9.1137686296011011e-001
  9.1163382250310421e-001
  9.1200051461269327e-001
  9.1247574830401235e-001
  9.1305805851651611e-001
  9.1374570953861511e-001
  9.1453669898952628e-001
  9.1542876236032666e-001
  9.1641937811642038e-001
  9.1750577336367345e-001
  9.1868493008029972e-001
  9.1995359191620973e-001
  9.2130827156092043e-001
  9.2274525868029933e-001
  9.2426062842132395e-001
  9.2585025048272340e-001
  9.2750979874782336e-001
  9.2923476147410489e-001
  9.3102045203199169e-001
  9.3286202018314357e-001
  9.3475446388612049e-001
  9.3669264161465604e-001
  9.3867128517106113e-001
  9.4068501297433282e-001
  9.4272834379958848e-001
  9.4479571094233050e-001
  9.4688147677793422e-001
  9.4897994768359428e-001
  9.5108538928682451e-001
  9.5319204200153007e-001
  9.5529413680964537e-001
  9.5738591124344952e-001
  9.5946162552092085e-001
  9.6151557878391669e-001
  9.6354212538662176e-001
  9.6553569117958393e-001
  9.6749078973280545e-001
  9.6940203843982675e-001
  9.7126417444347346e-001
  9.7307207032307586e-001
  9.7482074948241315e-001
  9.7650540117746776e-001
  9.7812139512330598e-001
  9.7966429561998891e-001
  9.8112987513843630e-001
  9.8251412730854892e-001
  9.8381327925369533e-001
  9.8502380321782401e-001
  9.8614242743404212e-001
  9.8716614618637200e-001
  9.8809222901967730e-001
  9.8891822905631543e-001
  9.8964199038194245e-001
  9.9026165446704406e-001
  9.9077566559516406e-001
  9.9118277527337617e-001
  9.9148204560535624e-001
  9.9167285161229990e-001
  9.9175488249197830e-001
  9.9172814181130997e-001
  9.9159294663296427e-001
  9.9134992558160906e-001
  9.9100001586052544e-001
  9.9054445923426926e-001
  9.8998479699795383e-001
  9.8932286395844293e-001
  9.8856078145727300e-001
  9.8770094946943043e-001
  9.8674603781618098e-001
  9.8569897653392557e-001
  9.8456294544454481e-001
  9.8334136297584696e-001
  9.8203787428357225e-001
  9.8065633872884306e-001
  9.7920081676707493e-001
  9.7767555630604808e-001
  9.7608497859221044e-001
  9.7443366368520479e-001
  9.7272633558121280e-001
  9.7096784704587791e-001
  9.6916316421742987e-001
  9.6731735104007366e-001
  9.6543555358687250e-001
  9.6352298433014250e-001
  9.6158490641589101e-001
  9.5962661799706417e-001
  9.5765343667833314e-001
  9.5567068412288880e-001
  9.5368367086926342e-001
  9.5169768140354605e-001
  9.4971795952959159e-001
  9.4774969407692122e-001
  9.4579800498303834e-001
  9.4386792978383227e-001
  9.4196441054270963e-001
  9.4009228124600419e-001
  9.3825625568920490e-001
  9.3646091587557445e-001
  9.3471070094580733e-001
  9.3300989665462986e-001
  9.3136262540753767e-001
  9.2977283686836132e-001
  9.2824429914596540e-001
  9.2678059056620232e-001
  9.2538509203319574e-001
  9.2406097998220893e-001
  9.2281121992471216e-001
  9.2163856058479887e-001
  9.2054552862485362e-001
  9.1953442395731555e-001
  9.1860731563849063e-001
  9.1776603833966441e-001
  9.1701218939024043e-001
  9.1634712638723370e-001
  9.1577196536522087e-001
  9.1528757952071671e-001
  9.1489459848495680e-001
  9.1459340813912304e-001
  9.1438415096621917e-001
  9.1426672693398592e-001
  9.1424079490349086e-001
  9.1430577455825313e-001
  9.1446084884900158e-001
  9.1470496694936687e-001
  9.1503684771795579e-001
  9.1545498366233624e-001
  9.1595764540048907e-001
  9.1654288661516847e-001
  9.1720854949641561e-001
  9.1795227066716245e-001
  9.1877148758638805e-001
  9.1966344542371625e-001
  9.2062520439859208e-001
  9.2165364757632151e-001
  9.2274548911219501e-001
  9.2389728293379370e-001
  9.2510543185022709e-001
  9.2636619707563161e-001
  9.2767570815270961e-001
  9.2902997326036840e-001
  9.3042488988780103e-001
  9.3185625585543830e-001
  9.3331978066132137e-001
  9.3481109712942667e-001
  9.3632577333451095e-001
  9.3785932477599976e-001
  9.3940722677145194e-001
  9.4096492703818024e-001
  9.4252785842967268e-001
  9.4409145179165466e-001
  9.4565114890089208e-001
  9.4720241544822981e-001
  9.4874075402591251e-001
  9.5026171707792473e-001
  9.5176091977099331e-001
  9.5323405274297479e-001
  9.5467689468466366e-001
  9.5608532471059171e-001
  9.5745533447419007e-001
  9.5878303998269310e-001
  9.6006469306748710e-001
  9.6129669246616134e-001
  9.6247559447334929e-001
  9.6359812311856041e-001
  9.6466117983056066e-001
  9.6566185254951542e-001
  9.6659742424996919e-001
  9.6746538083990397e-001
  9.6826341840346164e-001
  9.6898944975752443e-001
  9.6964161029513929e-001
  9.7021826309174530e-001
  9.7071800325331836e-001
  9.7113966148884601e-001
  9.7148230689294668e-001
  9.7174524892796421e-001
  9.7192803859847710e-001
  9.7203046881475907e-001
  9.7205257394542521e-001
  9.7199462856312557e-001
  9.7185714539079393e-001
  9.7164087245951192e-001
  9.7134678949256736e-001
  9.7097610353364505e-001
  9.7053024384038422e-001
  9.7001085606762438e-001
  9.6941979576763415e-001
  9.6875912123735874e-001
  9.6803108574530528e-001
  9.6723812917299679e-001
  9.6638286910807181e-001
  9.6546809142794598e-001
  9.6449674041459776e-001
  9.6347190844239017e-001
  9.6239682528195758e-001
  9.6127484706403665e-001
  9.6010944494769856e-001
  9.5890419353777778e-001
  9.5766275909638798e-001
  9.5638888759322149e-001
  9.5508639263896811e-001
  9.5375914334554601e-001
  9.5241105215601896e-001
  9.5104606268603831e-001
  9.4966813761745550e-001
  9.4828124668336411e-001
  9.4688935478232172e-001
  9.4549641025784759e-001
  9.4410633337754735e-001
  9.4272300504435091e-001
  9.4135025577044618e-001
  9.3999185494250004e-001
  9.3865150040477252e-001
  9.3733280838468025e-001
  9.3603930378336286e-001
  9.3477441085177637e-001
  9.3354144427088792e-001
  9.3234360065258570e-001
  9.3118395047607805e-001
  9.3006543047272605e-001
  9.2899083647055258e-001
  9.2796281670802905e-001
  9.2698386562519985e-001
  9.2605631813876654e-001
  9.2518234440642100e-001
  9.2436394508446607e-001
  9.2360294708165414e-001
  9.2290099981112372e-001
  9.2225957194139740e-001
  9.2167994864656000e-001
  9.2116322935499062e-001
  9.2071032599535441e-001
  9.2032196173796121e-001
  9.1999867022907034e-001
  9.1974079531523689e-001
  9.1954849125437432e-001
  9.1942172340977890e-001
  9.1936026942301707e-001
  9.1936372086117191e-001
  9.1943148533360430e-001
  9.1956278907297995e-001
  9.1975667997492472e-001
  9.2001203109023588e-001
  9.2032754456310173e-001
  9.2070175600825899e-001
  9.2113303931945512e-001
  9.2161961190093189e-001
  9.2215954031295921e-001
  9.2275074632168286e-001
  9.2339101334270302e-001
  9.2407799326690010e-001
  9.2480921365605495e-001
  9.2558208529475816e-001
  9.2639391008400107e-001
  9.2724188926069206e-001
  9.2812313192610485e-001
  9.2903466386503619e-001
  9.2997343663614407e-001
  9.3093633691263156e-001
  9.3192019605112320e-001
  9.3292179986523938e-001
  9.3393789857908682e-001
  9.3496521693458035e-001
  9.3600046442526774e-001
  9.3704034562815464e-001
  9.3808157060387587e-001
  9.3912086533455230e-001
  9.4015498216769611e-001
  9.4118071023371574e-001
  9.4219488580385025e-001
  9.4319440255477816e-001
  9.4417622170572602e-001
  9.4513738199361030e-001
  9.4607500945164247e-001
  9.4698632695687879e-001
  9.4786866351243471e-001
  9.4871946323050138e-001
  9.4953629398290418e-001
  9.5031685568674240e-001
  9.5105898819361079e-001
  9.5176067875208659e-001
  9.5242006901449783e-001
  9.5303546156050689e-001
  9.5360532591175029e-001
  9.5412830401360615e-001
  9.5460321516217306e-001
  9.5502906035669488e-001
  9.5540502605990363e-001
  9.5573048735117450e-001
  9.5600501045982489e-001
  9.5622835466847800e-001
  9.5640047357901992e-001
  9.5652151573635491e-001
  9.5659182460786518e-001
  9.5661193791919508e-001
  9.5658258634967253e-001
  9.5650469159338414e-001
  9.5637936379452115e-001
  9.5620789836823150e-001
  9.5599177222066356e-001
  9.5573263938433550e-001
  9.5543232608721851e-001
  9.5509282527612138e-001
  9.5471629061697694e-001
  9.5430502999653088e-001
  9.5386149855164015e-001
  9.5338829125396773e-001
  9.5288813507922232e-001
  9.5236388079130174e-001
  9.5181849437272281e-001
  9.5125504813353268e-001
  9.5067671153154187e-001
  9.5008674173719754e-001
  9.4948847397664082e-001
  9.4888531168662882e-001
  9.4828071651488444e-001
  9.4767819819920551e-001
  9.4708130435825344e-001
  9.4649361022637668e-001
  9.4591870836414649e-001
  9.4536019837545160e-001
  9.4482167666107075e-001
  9.4430672623761891e-001
  9.4381890664964174e-001
  9.4336174400144768e-001
  9.4293872113404031e-001
  9.4255326797120631e-001
  9.4220875205753085e-001
  9.4190846930977545e-001
  9.4165563500173599e-001
  9.4145337500138893e-001
  9.4130471727785481e-001
  9.4121258369445571e-001
  9.4117978210295250e-001
  9.4120899875290154e-001
  9.4130279102898839e-001
  9.4146358052819079e-001
  9.4169364648769149e-001
  9.4199511957360527e-001
  9.4236997603980244e-001
  9.4282003226543931e-001
  9.4334693967916960e-001
  9.4395218007750192e-001
  9.4463706134428749e-001
  9.4540271357795536e-001
  9.4625008563276491e-001
  9.4717994208009704e-001
  9.4819286059556129e-001
  9.4928922977752461e-001
  9.5046924740249705e-001
  9.5173291912267566e-001
  9.5308005761078962e-001
  9.5451028215726219e-001
  9.5602301872450712e-001
  9.5761750046299421e-001
  9.5929276869345181e-001
  9.6104767435927774e-001
  9.6288087995283089e-001
  9.6479086191884134e-001
  9.6677591353759929e-001
  9.6883414828995096e-001
  9.7096350370536033e-001
  9.7316174569341996e-001
  9.7542647335820643e-001
  9.7775512429374056e-001
  9.8014498035758701e-001
  9.8259317391822210e-001
  9.8509669457032623e-001
  9.8765239631051183e-001
  9.9025700516424930e-001
  9.9290712725290509e-001
  9.9559925728782916e-001
  9.9832978747637136e-001
  1.0010950168225528e+000
  1.0038911608029162e+000
  1.0067143613957896e+000
  1.0095606974398861e+000
  1.0124261952958433e+000
  1.0153068397819351e+000
  1.0181985853528963e+000
  1.0210973674884851e+000
  1.0239991142561926e+000
  1.0268997580103556e+000
  1.0297952471878677e+000
  1.0326815581587672e+000
  1.0355547070881881e+000
  1.0384107617645510e+000
  1.0412458533474349e+000
  1.0440561879873502e+000
  1.0468380582686361e+000
  1.0495878544259600e+000
  1.0523020752843968e+000
  1.0549773388728545e+000
  1.0576103926606903e+000
  1.0601981233677282e+000
  1.0627375662985754e+000
  1.0652259141531304e+000
  1.0676605252665059e+000
  1.0700389312332117e+000
  1.0723588438724170e+000
  1.0746181614934023e+000
  1.0768149744228874e+000
  1.0789475697588344e+000
  1.0810144353185218e+000
  1.0830142627521462e+000
  1.0849459497969678e+000
  1.0868086016509835e+000
  1.0886015314493345e+000
  1.0903242598310718e+000
  1.0919765135884776e+000
  1.0935582233959078e+000
  1.0950695206199685e+000
  1.0965107332178043e+000
  1.0978823807352882e+000
  1.0991851684219598e+000
  1.1004199804845871e+000
  1.1015878725062405e+000
  1.1026900630626888e+000
  1.1037279245727540e+000
  1.1047029734239402e+000
  1.1056168594191542e+000
  1.1064713545946452e+000
  1.1072683414633289e+000
  1.1080098007414689e+000
  1.1086977986201676e+000
  1.1093344736462762e+000
  1.1099220232801610e+000
  1.1104626902001744e+000
  1.1109587484257479e+000
  1.1114124893326212e+000
  1.1118262076349443e+000
  1.1122021874097285e+000
  1.1125426882394427e+000
  1.1128499315483777e+000
  1.1131260872078192e+000
  1.1133732604839641e+000
  1.1135934794010114e+000
  1.1137886825898649e+000
  1.1139607076904650e+000
  1.1141112803729194e+000
  1.1142420040393402e+000
  1.1143543502646347e+000
  1.1144496500304852e+000
  1.1145290858023582e+000
  1.1145936844947049e+000
  1.1146443113645323e+000
  1.1146816648682691e+000
  1.1147062725113916e+000
  1.1147184877146117e+000
